editmanager,4,90,000BBDD1,0,1,1,4294967295,0,0
regionbutton,654,10,00323928,0,1,1,4294967295,0,1
menubutton,6,10,003297E2,0,1,1,4294967295,0,1
menubutton,6,50,002BB8D4,0,1,1,4294967295,0,1
gridtoggle,852,52,002EC06B,0,1,1,4294967295,0,0
toolbutton,180,50,001B1166,0,1,1,4294967295,0,1
toolbutton,220,50,000BA03B,0,1,1,4294967295,0,1
editzoom,342,50,002C0BA4,0,1,1,4294967295,0,0
hotbar,389,500,000F76E8,0,1,1,4294967295,0,0
toolbutton,262,50,003E18ED,0,1,1,4294967295,0,1
regionbutton,474,10,001F705E,0,1,1,4294967295,0,1
regionbutton,504,10,00264E1D,0,1,1,4294967295,0,1
regionbutton,534,10,003A0416,0,1,1,4294967295,0,1
regionbutton,684,10,0007D7D6,0,1,1,4294967295,0,1
regionbutton,624,10,000129AB,0,1,1,4294967295,0,1
regionbutton,594,10,00253E2F,0,1,1,4294967295,0,1
regionbutton,564,10,001E9D6A,0,1,1,4294967295,0,1
toolbutton,220,10,0005E528,0,1,1,4294967295,0,1
menubutton,46,50,001E1FAB,0,1,1,4294967295,0,1
toolbutton,382,10,0014F1AD,0,1,1,4294967295,0,1
menubutton,302,10,00060C35,0,1,1,4294967295,0,1
menubutton,262,10,002C9891,0,1,1,4294967295,0,1
menubutton,342,10,001E236F,0,1,1,4294967295,0,1
biomesetter,554,50,0019BE31,0,1,1,4294967295,0,1
biomesetter,474,50,001D4007,0,1,1,4294967295,0,1
biomesetter,514,50,00228DA1,0,1,1,4294967295,0,1
menubutton,764,50,0018C77C,0,1,1,4294967295,0,1
menubutton,634,50,003F7614,0,1,1,4294967295,0,1
menubutton,724,10,003F0525,0,1,1,4294967295,0,1
quicksavebutton,86,10,003F7EFB,0,1,1,4294967295,0,0
menubutton,86,50,00057A50,0,1,1,4294967295,0,1
bollebutton,764,10,0018A377,0,1,1,4294967295,0,0
quickloadbutton,46,10,002E88CD,0,1,1,4294967295,0,0
toolbutton,180,10,003A1C3B,0,1,1,4294967295,0,1
lemontab,352,550,00248678,0,1,1,4294967295,0,1
lemontab,469,550,0036E308,0,1,1,4294967295,0,1
lemontab,586,550,000566F2,0,1,1,4294967295,0,1
lemontab,235,550,0018F5A4,0,1,1,4294967295,0,1
lemontab,118,550,00297F65,0,1,1,4294967295,0,1
lemontab,703,550,002D72D2,0,1,1,4294967295,0,1
menubutton,422,10,00277FA9,0,1,1,4294967295,0,1
menubutton,724,50,0001B4B3,0,1,1,4294967295,0,1
menubutton,674,50,00054DBC,0,1,1,4294967295,0,1
menubutton,126,10,002CD456,0,1,1,4294967295,0,1
menubutton,126,50,001EE470,0,1,1,4294967295,0,1
timesetter,594,50,0016F512,0,1,1,4294967295,0,0
toolbutton,302,50,0038BD30,0,1,1,4294967295,0,1
