specialectrl,22,80,0038862F,0,1,1,4294967295,0,0
specialepal,37,649,00079B61,0,1,1,4294967295,0,0
specialepal,187,649,00170207,0,1,1,4294967295,0,0
specialepal,87,649,002374F9,0,1,1,4294967295,0,0
specialepal,137,649,00275713,0,1,1,4294967295,0,0
specialepal,237,649,000C5818,0,1,1,4294967295,0,0
specialepal,287,649,0034B831,0,1,1,4294967295,0,0
specialepal,337,649,0022CCAF,0,1,1,4294967295,0,0
specialepal,387,649,0000422F,0,1,1,4294967295,0,0
specialepal,437,649,0027A673,0,1,1,4294967295,0,0
specialepal,487,649,0020F9CC,0,1,1,4294967295,0,0
specialepal,537,649,0004D9F3,0,1,1,4294967295,0,0
specialepal,587,649,0009C0D8,0,1,1,4294967295,0,0
specialepal,637,649,00187F94,0,1,1,4294967295,0,0
specialepal,687,649,002A82EA,0,1,1,4294967295,0,0
specialepal,737,649,001C7A80,0,1,1,4294967295,0,0
specialepal,787,649,0004CF51,0,1,1,4294967295,0,0
specialepal,837,649,000D0FAF,0,1,1,4294967295,0,0
specialepal,887,649,002D6308,0,1,1,4294967295,0,0
specialepal,937,649,003656F3,0,1,1,4294967295,0,0
specialepal,987,649,0021080D,0,1,1,4294967295,0,0
specialemenu,12,10,000D4665,0,1,1,4294967295,0,1
specialemenu,52,10,00079216,0,1,1,4294967295,0,1
specialemenu,92,10,0029E381,0,1,1,4294967295,0,1
specialemenu,132,10,00096F70,0,1,1,4294967295,0,1
specialemenu,1030,10,002C54F5,0,1,1,4294967295,0,1
specialecheck,202,10,002BF76C,0,1,1,4294967295,0,1
specialecheck,262,10,00017BB9,0,1,1,4294967295,0,1
specialecheck,322,10,0029895C,0,1,1,4294967295,0,1
specialetime,408,10,000673FF,0,1,1,4294967295,0,0
specialepal,1037,649,003484BC,0,1,1,4294967295,0,0
specialepal,1087,649,C79A1897,0,1,1,4294967295,0,0
